1 0.259338 0.866038 0.0382 0.150943
1 0.394312 0.820755 0.021222 0.158491
1 0.532683 0.848113 0.029711 0.073585
1 0.713497 0.851887 0.039898 0.156604
1 0.420204 0.476415 0.044143 0.111321
5 0.322581 0.250943 0.049236 0.10566
5 0.482598 0.328302 0.044992 0.079245
5 0.613752 0.254717 0.047538 0.101887
2 0.314516 0.196226 0.094228 0.075472
2 0.483447 0.273585 0.078947 0.067925
2 0.614177 0.186792 0.085739 0.079245
4 0.309423 0.527358 0.213073 0.945283
4 0.487267 0.577358 0.164686 0.845283
4 0.651104 0.523585 0.212224 0.95283
