1 0.100147 0.731868 0.061856 0.127473
1 0.360825 0.695604 0.035346 0.107692
1 0.605302 0.659341 0.038292 0.101099
1 0.461708 0.634066 0.039764 0.098901
1 0.685567 0.651648 0.039764 0.081319
1 0.737113 0.661538 0.04271 0.087912
1 0.346097 0.535165 0.035346 0.09011
2 0.217968 0.346154 0.103093 0.178022
2 0.385125 0.36044 0.081001 0.123077
2 0.537555 0.461538 0.073638 0.096703
2 0.715758 0.396703 0.08542 0.120879
4 0.190722 0.608791 0.328424 0.782418
4 0.376289 0.628571 0.195876 0.742857
4 0.715758 0.654945 0.217968 0.69011
4 0.527246 0.693407 0.235641 0.608791
