2 0.172917 0.338426 0.098611 0.126852
2 0.307986 0.384259 0.09375 0.118519
2 0.451042 0.408796 0.114583 0.132407
2 0.615625 0.486574 0.10625 0.139815
2 0.693403 0.42963 0.089583 0.135185
2 0.809722 0.468519 0.104167 0.15
5 0.813542 0.523611 0.06875 0.065741
5 0.692361 0.460648 0.056944 0.062037
5 0.619097 0.530093 0.054861 0.058333
5 0.451736 0.449537 0.05625 0.063889
5 0.307986 0.422685 0.054861 0.063889
5 0.181597 0.37037 0.050694 0.064815
1 0.057639 0.427315 0.059722 0.171296
1 0.24375 0.414815 0.068056 0.148148
1 0.332639 0.536111 0.0625 0.12963
1 0.655556 0.281019 0.065278 0.050926
1 0.722222 0.281944 0.066667 0.050926
1 0.577083 0.828704 0.084722 0.092593
1 0.694097 0.585648 0.053472 0.134259
1 0.88125 0.506944 0.079167 0.110185
1 0.761458 0.848611 0.09375 0.117593
4 0.120139 0.620833 0.226389 0.737963
4 0.276389 0.65463 0.223611 0.690741
4 0.467014 0.662963 0.20625 0.661111
4 0.606944 0.708333 0.213889 0.583333
4 0.845833 0.687037 0.247222 0.625926
