2 0.173437 0.332292 0.0625 0.035417
5 0.176563 0.370833 0.04375 0.05
2 0.351562 0.302083 0.084375 0.091667
5 0.351562 0.322917 0.046875 0.058333
5 0.49375 0.295833 0.0375 0.0375
2 0.49375 0.28125 0.071875 0.104167
2 0.639844 0.31875 0.070312 0.083333
2 0.814844 0.305208 0.079687 0.102083
5 0.816406 0.328125 0.042188 0.052083
1 0.280469 0.630208 0.029687 0.085417
1 0.421875 0.625 0.028125 0.075
1 0.553906 0.591667 0.026562 0.066667
1 0.588281 0.6375 0.023438 0.05
1 0.722656 0.632292 0.029687 0.064583
1 0.804688 0.5 0.0375 0.045833
4 0.173437 0.55 0.171875 0.520833
4 0.340625 0.56875 0.16875 0.658333
4 0.498437 0.510417 0.146875 0.5875
4 0.655469 0.5625 0.173437 0.633333
4 0.825 0.566667 0.16875 0.645833
3 0.146094 0.9 0.060937 0.166667
3 0.213281 0.897917 0.051562 0.1625
3 0.316406 0.935417 0.048438 0.066667
3 0.39375 0.933333 0.059375 0.054167
3 0.464844 0.873958 0.067187 0.127083
3 0.545312 0.872917 0.06875 0.129167
3 0.613281 0.913542 0.045312 0.05625
3 0.7 0.916667 0.046875 0.066667
