2 0.900995 0.178378 0.140299 0.122523
5 0.890547 0.281982 0.107463 0.203604
2 0.631841 0.296396 0.105473 0.084685
5 0.629851 0.377477 0.083582 0.131532
2 0.410448 0.321622 0.082587 0.073874
5 0.408458 0.379279 0.068657 0.106306
5 0.244279 0.481081 0.046766 0.075676
4 0.343284 0.6 0.244776 0.8
4 0.126866 0.693694 0.116418 0.612613
1 0.151741 0.926126 0.030846 0.108108
1 0.053731 0.476577 0.037811 0.095495
1 0.883582 0.847748 0.191045 0.203604
5 0.116418 0.48018 0.033831 0.052252
5 0.537811 0.446847 0.048756 0.064865
