3 0.215972 0.827778 0.116667 0.25
3 0.361458 0.825 0.064583 0.22963
3 0.450347 0.815741 0.070139 0.198148
3 0.53125 0.813426 0.072222 0.191667
3 0.59375 0.811574 0.063889 0.215741
3 0.640625 0.809259 0.050694 0.201852
3 0.733681 0.813426 0.063194 0.20463
3 0.808333 0.82963 0.079167 0.190741
1 0.386806 0.268519 0.079167 0.048148
1 0.462153 0.274074 0.077083 0.07963
2 0.385417 0.2 0.066667 0.051852
2 0.445486 0.221296 0.067361 0.044444
2 0.651042 0.196759 0.06875 0.04537
2 0.726736 0.207407 0.061806 0.038889
1 0.678125 0.263426 0.061806 0.067593
1 0.741319 0.268519 0.060417 0.075926
1 0.688889 0.367593 0.054167 0.042593
1 0.680208 0.541667 0.03125 0.083333
5 0.649653 0.220833 0.039583 0.036111
5 0.735069 0.233333 0.029861 0.031481
5 0.385764 0.224074 0.042361 0.042593
4 0.327431 0.424537 0.182639 0.556481
4 0.485764 0.433333 0.142361 0.52963
4 0.628819 0.419907 0.154861 0.556481
4 0.771875 0.437963 0.150694 0.548148
