3 0.053241 0.924383 0.076852 0.104938
3 0.17963 0.916667 0.05 0.114198
3 0.277778 0.908951 0.07963 0.126543
3 0.416667 0.891204 0.059259 0.146605
3 0.518981 0.890432 0.05463 0.135802
3 0.563426 0.878086 0.052778 0.157407
3 0.684259 0.875772 0.066667 0.146605
3 0.739815 0.87963 0.061111 0.145062
3 0.869907 0.877315 0.075 0.146605
3 0.943519 0.885031 0.066667 0.134259
2 0.325463 0.335648 0.030556 0.03858
5 0.328704 0.362654 0.024074 0.037037
2 0.693981 0.366512 0.036111 0.032407
5 0.697685 0.397377 0.023148 0.032407
2 0.89537 0.326389 0.033333 0.032407
5 0.897222 0.354167 0.022222 0.035494
2 0.087037 0.35108 0.033333 0.035494
5 0.085185 0.382716 0.02037 0.033951
1 0.111111 0.625772 0.038889 0.060185
1 0.044907 0.651235 0.025 0.07716
1 0.343519 0.625 0.033333 0.07716
1 0.470833 0.633488 0.026852 0.066358
1 0.584259 0.645833 0.027778 0.072531
1 0.637963 0.627315 0.035185 0.084877
1 0.788426 0.640432 0.025 0.101852
1 0.84537 0.619599 0.018519 0.069444
1 0.963426 0.635031 0.026852 0.087963
4 0.112963 0.565586 0.116667 0.544753
4 0.343519 0.526235 0.127778 0.484568
4 0.533796 0.532407 0.080556 0.475309
4 0.714352 0.516975 0.100926 0.453704
4 0.914815 0.510031 0.090741 0.476852
