2 0.531875 0.271667 0.04625 0.036667
5 0.531875 0.294167 0.04125 0.041667
2 0.38375 0.285833 0.0375 0.021667
5 0.384375 0.305833 0.03375 0.031667
2 0.25875 0.271667 0.0375 0.023333
5 0.2575 0.291667 0.0375 0.036667
2 0.444375 0.476667 0.04125 0.026667
2 0.298125 0.4925 0.03875 0.028333
5 0.299375 0.513333 0.03375 0.033333
5 0.4425 0.5 0.04 0.036667
2 0.1225 0.4925 0.0475 0.021667
5 0.1225 0.515 0.0475 0.04
2 0.60875 0.500833 0.0375 0.031667
5 0.60875 0.515833 0.035 0.035
2 0.753125 0.4625 0.04875 0.028333
2 0.8875 0.469167 0.0475 0.028333
5 0.88875 0.485 0.04 0.036667
5 0.7525 0.4825 0.0425 0.045
5 0.716875 0.288333 0.03375 0.026667
2 0.7175 0.273333 0.045 0.03
4 0.383125 0.375 0.14125 0.29
4 0.5325 0.379167 0.15 0.308333
4 0.709375 0.366667 0.15375 0.29
1 0.18875 0.436667 0.025 0.036667
1 0.3125 0.4225 0.0275 0.048333
1 0.33375 0.47 0.025 0.036667
1 0.4925 0.505833 0.0325 0.045
1 0.56625 0.509167 0.03 0.051667
1 0.061875 0.6775 0.03625 0.038333
1 0.169375 0.655833 0.03875 0.038333
1 0.20625 0.666667 0.025 0.04
1 0.305625 0.664167 0.04625 0.038333
1 0.384375 0.67 0.04125 0.05
1 0.505625 0.669167 0.04125 0.055
1 0.583125 0.6675 0.03625 0.038333
1 0.73 0.665833 0.045 0.041667
1 0.86375 0.645833 0.0425 0.035
1 0.961875 0.653333 0.03125 0.036667
1 0.81875 0.675833 0.03 0.038333
1 0.67625 0.659167 0.0325 0.045
4 0.251875 0.381667 0.10625 0.313333
4 0.11375 0.614167 0.1825 0.368333
4 0.285625 0.626667 0.15375 0.386667
4 0.455625 0.5875 0.14875 0.378333
4 0.605625 0.614167 0.14375 0.341667
4 0.74875 0.594167 0.1425 0.398333
4 0.8975 0.6025 0.155 0.398333
3 0.570625 0.839167 0.06625 0.088333
3 0.7125 0.823333 0.065 0.103333
3 0.413125 0.843333 0.06625 0.103333
3 0.259375 0.8575 0.07375 0.098333
3 0.06875 0.861667 0.0825 0.12
