2 0.255045 0.260816 0.127349 0.108776
5 0.250522 0.341162 0.084899 0.121137
2 0.516006 0.271941 0.117606 0.10136
5 0.508003 0.339308 0.082116 0.082818
2 0.913709 0.228677 0.112735 0.07911
5 0.913709 0.284302 0.06263 0.069221
2 0.726166 0.272559 0.070285 0.08529
2 0.808977 0.29419 0.075852 0.071693
5 0.799235 0.336836 0.054976 0.067985
2 0.597077 0.304697 0.05428 0.087763
5 0.587683 0.376391 0.043841 0.082818
4 0.258525 0.549444 0.358386 0.84178
4 0.546277 0.563659 0.270007 0.810878
4 0.852122 0.517923 0.173278 0.694685
