3 0.079102 0.910156 0.041016 0.070312
3 0.132812 0.890625 0.070312 0.041667
3 0.335938 0.860677 0.035156 0.044271
3 0.371094 0.847656 0.035156 0.039062
3 0.421875 0.855469 0.039062 0.039062
3 0.456055 0.86849 0.033203 0.054688
3 0.503906 0.878906 0.039062 0.054688
3 0.543945 0.886719 0.033203 0.054688
3 0.595703 0.891927 0.050781 0.049479
3 0.664062 0.911458 0.039062 0.072917
3 0.725586 0.9375 0.048828 0.057292
3 0.771484 0.953125 0.039062 0.072917
3 0.836914 0.967448 0.041016 0.065104
3 0.208008 0.873698 0.044922 0.054688
3 0.268555 0.856771 0.044922 0.057292
1 0.200195 0.522135 0.044922 0.049479
1 0.279297 0.523438 0.039062 0.046875
1 0.336914 0.561198 0.021484 0.044271
1 0.398438 0.582031 0.015625 0.039062
1 0.427734 0.561198 0.019531 0.033854
1 0.458984 0.566406 0.019531 0.044271
1 0.490234 0.553385 0.023438 0.049479
1 0.579102 0.520833 0.029297 0.052083
1 0.804688 0.692708 0.019531 0.0625
1 0.939453 0.700521 0.03125 0.072917
1 0.697266 0.557292 0.027344 0.052083
1 0.774414 0.565104 0.029297 0.052083
2 0.130859 0.391927 0.046875 0.028646
5 0.131836 0.41276 0.029297 0.033854
2 0.261719 0.373698 0.046875 0.028646
5 0.264648 0.397135 0.033203 0.044271
2 0.363281 0.43099 0.042969 0.023438
5 0.365234 0.442708 0.023438 0.020833
5 0.446289 0.460938 0.029297 0.020833
2 0.529297 0.424479 0.050781 0.020833
5 0.529297 0.445312 0.023438 0.036458
2 0.644531 0.398438 0.050781 0.026042
5 0.643555 0.420573 0.029297 0.039062
2 0.75 0.395833 0.054688 0.026042
5 0.750977 0.420573 0.033203 0.044271
2 0.864258 0.389323 0.064453 0.033854
5 0.864258 0.417969 0.044922 0.039062
4 0.112305 0.606771 0.126953 0.515625
4 0.25 0.546875 0.125 0.421875
4 0.359375 0.60026 0.105469 0.403646
4 0.445312 0.609375 0.074219 0.395833
4 0.53418 0.570312 0.111328 0.364583
4 0.646484 0.561198 0.101562 0.408854
4 0.754883 0.584635 0.115234 0.450521
4 0.880859 0.595052 0.152344 0.486979
