1 0.48125 0.434964 0.054167 0.079084
1 0.589583 0.41103 0.056944 0.074922
1 0.790972 0.637877 0.056944 0.037461
1 0.086806 0.599376 0.056944 0.052029
2 0.303472 0.253382 0.129167 0.05307
2 0.641667 0.35692 0.111111 0.03538
5 0.639583 0.376691 0.059722 0.031217
5 0.306944 0.28564 0.072222 0.044745
3 0.55625 0.878252 0.076389 0.056191
3 0.677083 0.880333 0.079167 0.056191
3 0.136806 0.912591 0.123611 0.156087
3 0.295833 0.879292 0.136111 0.104058
4 0.251389 0.49948 0.408333 0.603538
4 0.621528 0.567638 0.254167 0.5359
