1 0.228916 0.270344 0.120482 0.074141
1 0.614458 0.320072 0.101205 0.072333
2 0.522892 0.153707 0.149398 0.079566
5 0.513253 0.189873 0.101205 0.072333
5 0.033735 0.188065 0.062651 0.050633
2 0.654217 0.207052 0.103614 0.030741
5 0.672289 0.229656 0.038554 0.028933
4 0.401205 0.497288 0.373494 0.896926
4 0.821687 0.381555 0.279518 0.607595
1 0.893976 0.173599 0.048193 0.057866
3 0.778313 0.701627 0.149398 0.0434
4 0.644578 0.366184 0.13253 0.410488
3 0.66988 0.588608 0.038554 0.034358
3 0.603614 0.593128 0.045783 0.039783
