3 0.712418 0.83455 0.117647 0.143552
3 0.88317 0.914842 0.125817 0.155718
3 0.369281 0.922141 0.088235 0.097324
3 0.488562 0.850365 0.114379 0.072993
3 0.104575 0.928224 0.088235 0.094891
3 0.263072 0.840024 0.098039 0.062044
5 0.224673 0.144161 0.116013 0.076642
5 0.482843 0.212895 0.112745 0.06326
5 0.784314 0.163625 0.101307 0.069343
2 0.223856 0.097932 0.163399 0.071776
2 0.478758 0.1691 0.173203 0.055961
2 0.806373 0.117397 0.174837 0.057178
1 0.24183 0.346715 0.140523 0.097324
1 0.395425 0.377737 0.094771 0.09854
1 0.648693 0.375304 0.124183 0.100973
1 0.610294 0.551095 0.037582 0.077859
4 0.181373 0.410584 0.343137 0.76764
4 0.462418 0.448905 0.339869 0.710462
4 0.798203 0.392336 0.321895 0.699513
