2 0.627451 0.561017 0.07451 0.094915
5 0.633824 0.607627 0.061765 0.10678
2 0.291667 0.434746 0.05 0.055932
5 0.296078 0.480508 0.039216 0.072881
1 0.356373 0.929661 0.036275 0.086441
1 0.271078 0.861017 0.020588 0.091525
2 0.886275 0.527119 0.056863 0.067797
5 0.885294 0.563559 0.041176 0.072881
5 0.738235 0.394915 0.023529 0.050847
2 0.740196 0.362712 0.033333 0.037288
4 0.333824 0.671186 0.161765 0.657627
4 0.211275 0.54661 0.09902 0.571186
4 0.122549 0.514407 0.105882 0.510169
1 0.212255 0.658475 0.02451 0.055932
1 0.139706 0.60678 0.028431 0.057627
1 0.076471 0.578814 0.019608 0.059322
4 0.569608 0.510169 0.072549 0.4
1 0.526471 0.588983 0.015686 0.059322
1 0.572549 0.609322 0.021569 0.062712
