1 0.731225 0.363911 0.040071 0.068548
1 0.653604 0.360131 0.025454 0.088206
1 0.173513 0.555444 0.052671 0.080645
1 0.201361 0.331149 0.03629 0.078629
1 0.259577 0.318044 0.025202 0.103831
1 0.333795 0.367692 0.026462 0.067036
1 0.483619 0.341734 0.03881 0.083669
1 0.541331 0.560736 0.017641 0.090222
1 0.405998 0.575605 0.043347 0.052419
1 0.30683 0.453377 0.029486 0.05494
2 0.201487 0.241431 0.043599 0.054435
5 0.198715 0.260081 0.036038 0.03125
2 0.276336 0.235131 0.041079 0.045867
5 0.28062 0.269657 0.02999 0.049395
2 0.396043 0.237651 0.039062 0.045867
5 0.395413 0.265121 0.034778 0.054435
5 0.497354 0.207661 0.029486 0.043347
2 0.498236 0.177167 0.037802 0.041835
2 0.60068 0.184224 0.044607 0.041835
5 0.600428 0.212702 0.031502 0.05746
2 0.715474 0.176915 0.043347 0.044355
5 0.713962 0.208921 0.029738 0.043851
4 0.168221 0.480847 0.146421 0.61996
3 0.16255 0.912046 0.03881 0.175907
3 0.205771 0.904234 0.054688 0.191532
3 0.254536 0.909274 0.058468 0.181452
3 0.312248 0.895917 0.043347 0.207157
3 0.360887 0.897177 0.051411 0.205645
3 0.402092 0.890373 0.055192 0.209173
3 0.448085 0.948337 0.043347 0.063004
3 0.516759 0.948841 0.040071 0.068044
3 0.568926 0.929183 0.048135 0.109375
3 0.636845 0.94002 0.050403 0.113911
3 0.69506 0.879536 0.057964 0.200605
3 0.745464 0.895665 0.049395 0.208669
4 0.290953 0.478075 0.093498 0.597278
4 0.390751 0.466986 0.103579 0.585181
4 0.493196 0.459929 0.133569 0.704133
4 0.614415 0.474798 0.134073 0.71371
4 0.725806 0.447833 0.109375 0.641633
