2 0.201621 0.238949 0.087133 0.043011
5 0.209726 0.264636 0.050659 0.039427
5 0.433637 0.244922 0.04458 0.0454
2 0.434144 0.215651 0.067882 0.032258
2 0.619048 0.240143 0.093212 0.095579
5 0.623607 0.249701 0.039514 0.040621
2 0.800405 0.326762 0.079027 0.101553
5 0.800912 0.338112 0.043566 0.033453
1 0.187437 0.482079 0.06079 0.041816
1 0.259372 0.4773 0.04458 0.044205
1 0.360182 0.416965 0.039514 0.040621
1 0.498987 0.425926 0.035461 0.034648
1 0.546606 0.416368 0.037487 0.044205
1 0.685917 0.426523 0.038501 0.038232
1 0.733029 0.438471 0.029382 0.043011
1 0.861196 0.44325 0.024316 0.04779
3 0.130699 0.9319 0.062817 0.069295
3 0.238602 0.899642 0.084093 0.052569
3 0.386525 0.862007 0.065856 0.051374
3 0.47923 0.866189 0.054711 0.059737
3 0.565856 0.867981 0.053698 0.060932
3 0.654002 0.869773 0.059777 0.054958
3 0.757345 0.89307 0.037487 0.048984
3 0.797872 0.900239 0.04154 0.044205
4 0.18693 0.52509 0.278622 0.679809
4 0.420973 0.494624 0.213779 0.659498
4 0.62766 0.507766 0.197568 0.666667
4 0.803951 0.569892 0.211753 0.609319
