1 0.192067 0.191504 0.060543 0.0961
1 0.345511 0.18663 0.045929 0.069638
1 0.29071 0.478412 0.019833 0.068245
1 0.468685 0.475627 0.02714 0.051532
1 0.608038 0.458914 0.034447 0.045961
1 0.711378 0.272981 0.04071 0.069638
1 0.764092 0.481894 0.02714 0.050139
1 0.881002 0.201253 0.039666 0.054318
3 0.257829 0.881616 0.108559 0.075209
3 0.363257 0.829387 0.070981 0.151811
3 0.414927 0.777855 0.074113 0.104457
3 0.495303 0.800836 0.06785 0.111421
3 0.580376 0.819638 0.060543 0.123955
3 0.66023 0.821727 0.065762 0.100279
3 0.726514 0.81337 0.079332 0.083565
3 0.918058 0.868384 0.117954 0.101671
3 0.783925 0.809192 0.110647 0.052925
3 0.132046 0.958217 0.082463 0.083565
2 0.229645 0.054318 0.106472 0.10585
5 0.229645 0.081476 0.05428 0.076602
2 0.389353 0.10585 0.075157 0.052925
5 0.396138 0.142758 0.042797 0.057103
2 0.537056 0.101671 0.0762 0.038997
5 0.537578 0.137883 0.050104 0.061281
2 0.697286 0.127437 0.066806 0.037604
5 0.697286 0.160167 0.056367 0.064067
2 0.837683 0.12883 0.0762 0.051532
5 0.835595 0.166435 0.059499 0.062674
4 0.376827 0.369777 0.139875 0.633705
4 0.542276 0.379526 0.191023 0.678273
4 0.701461 0.368384 0.183716 0.600279
4 0.856994 0.385097 0.187891 0.619777
4 0.18737 0.385097 0.24739 0.764624
