2 0.605941 0.753876 0.122772 0.174419
2 0.351485 0.695736 0.132673 0.143411
2 0.066337 0.656977 0.124752 0.197674
2 0.143564 0.077519 0.10495 0.062016
5 0.140594 0.141473 0.067327 0.096899
5 0.349505 0.71124 0.065347 0.05814
5 0.552475 0.215116 0.059406 0.081395
2 0.556436 0.187984 0.09901 0.166667
2 0.358416 0.151163 0.09505 0.162791
1 0.210891 0.812016 0.053465 0.166667
2 0.732673 0.186047 0.114851 0.155039
2 0.880198 0.732558 0.10495 0.20155
2 0.944554 0.217054 0.110891 0.155039
5 0.937624 0.217054 0.049505 0.062016
4 0.352475 0.391473 0.261386 0.744186
4 0.141584 0.393411 0.275248 0.771318
4 0.550495 0.422481 0.213861 0.705426
4 0.730693 0.447674 0.186139 0.74031
4 0.917822 0.436047 0.164356 0.686047
